-26.9801825306	4.51588669906	-25
-30.5761753886	6.0250332796	-21
-81.0820486227	4.52490666612	30
-110.811621167	4.7278867937	59
-111.331725038	4.87173479501	60
-113.272956337	4.01822547977	62
-107.73816106	5.93781635958	56
-106.241739141	4.35613977318	55
-107.119846556	4.76612200003	56
-105.076663233	4.54181454881	54
-113.025644321	5.42757084268	62
19.9009161948	7.36221999479	-70
124.530154883	4.62455462874	-175
69.2849121724	4.9058264656	-120
62.4136257491	4.14572105346	-113
60.1784028139	5.67947457919	-111
61.6023834513	4.69675687663	-112
58.0321259569	5.64847640418	-109
-10.0376728096	4.274347163	-41
97.0004286631	6.20979017934	-148
